J = 7*10^(-6);
C_m = 1.3;
C_w = 3.15;
L_a = 0.0015;
R = 8;
L_o = 0.013;
beta = 0.001;